-0.07665923237800598
0.07537764310836792
0.043561093509197235
-0.05326094478368759
-0.13903558254241943
-0.004212443716824055
-0.0660194680094719
-0.1001972183585167
0.17663224041461945
-0.16765689849853516
0.204361230134964
-0.01897399127483368
-0.23838737607002258
-0.020244136452674866
-0.05466862767934799
0.13996538519859314
-0.09408850967884064
-0.15296407043933868
-0.10445128381252289
-0.05794632434844971
-0.013487743213772774
-0.0034872088581323624
0.01728646643459797
0.1597694605588913
-0.1464298814535141
-0.37767428159713745
-0.11146211624145508
-0.09709534049034119
-0.029047951102256775
-0.08898437023162842
-0.09088650345802307
0.04182921722531319
-0.08910802006721497
-0.017620887607336044
0.02265777811408043
0.0719146877527237
-0.0521664172410965
-0.0671471357345581
0.2665572762489319
0.049537960439920425
-0.2206026315689087
0.09203271567821503
-0.000774238258600235
0.3232685327529907
0.20902875065803528
-0.009451216086745262
0.04729878157377243
-0.07025428116321564
0.16901366412639618
-0.24616028368473053
0.07917380332946777
0.22349408268928528
0.09055552631616592
0.014939740300178528
0.11748204380273819
-0.06254830956459045
-0.01898811198771
0.19128961861133575
-0.15892525017261505
0.04833249747753143
0.02534358948469162
-0.08388184010982513
0.01943936198949814
-0.10129452496767044
0.1652897596359253
0.13000616431236267
-0.12616753578186035
-0.06890718638896942
0.1338738054037094
-0.22586317360401154
-0.058458372950553894
-0.012208468280732632
-0.14549732208251953
-0.21520784497261047
-0.2804087698459625
0.06698377430438995
0.42793750762939453
0.2631646990776062
-0.19156144559383392
0.06137304753065109
-0.05991049110889435
-0.05333796888589859
0.07598283141851425
0.08640383929014206
-0.10466070473194122
-0.025747723877429962
-0.06001785025000572
0.026922013610601425
0.2219265103340149
0.02832658216357231
0.016700027510523796
0.2627209722995758
0.03871675580739975
0.01328082475811243
0.08662508428096771
-0.0004943149397149682
-0.13289743661880493
-0.0806487426161766
-0.1478615552186966
0.030650712549686432
-0.062257640063762665
-0.11020180583000183
0.022324416786432266
0.03529031202197075
-0.24613647162914276
0.1271417886018753
-0.021937156096100807
-0.06097469851374626
-0.023482460528612137
0.09622513502836227
-0.16105109453201294
-0.07620853930711746
0.18110300600528717
-0.23606424033641815
0.12048333138227463
0.17161217331886292
0.08987362682819366
0.15969161689281464
0.12477818876504898
0.03450661152601242
-0.02128741145133972
-0.03824005275964737
-0.07138538360595703
-0.08688362687826157
0.09544669091701508
-0.013803606852889061
0.10495344549417496
0.01961299404501915
