-0.11995268613100052
0.14398552477359772
-0.026294436305761337
-0.08219413459300995
-0.031596533954143524
-0.002254304476082325
0.03318008407950401
-0.1458626687526703
0.147216796875
-0.11703704297542572
0.22913327813148499
-0.02672179415822029
-0.2815976142883301
-0.0880071148276329
-0.01600804552435875
0.12290478497743607
-0.1787663847208023
-0.22325217723846436
-0.23084546625614166
-0.09053460508584976
0.07179822772741318
0.04488121718168259
-0.05241849273443222
0.11502927541732788
-0.07827594131231308
-0.27310335636138916
0.00443030521273613
-0.09070513397455215
0.09506459534168243
-0.09479696303606033
-0.03214016556739807
-0.013512296602129936
-0.1849789023399353
-0.09532052278518677
0.009423041716217995
0.03604068234562874
-0.09623660892248154
-0.09557325392961502
0.29125264286994934
0.030643513426184654
-0.17903080582618713
-0.009034538641571999
0.0906585156917572
0.3328448235988617
0.20062758028507233
0.036272600293159485
0.0077850595116615295
-0.02550376206636429
0.19034267961978912
-0.291275292634964
0.07430075854063034
0.1559397131204605
0.21934637427330017
0.1390019953250885
0.05134439468383789
-0.19955754280090332
0.0002274978905916214
0.14934784173965454
-0.18334583938121796
0.13041952252388
0.06538163125514984
-0.2079102098941803
-0.05075918138027191
-0.09065593034029007
0.24510495364665985
0.04474499449133873
-0.1313042789697647
-0.11228311061859131
0.13228631019592285
-0.16161349415779114
-0.1319419890642166
0.07294049113988876
-0.09202542155981064
-0.11841962486505508
-0.28161823749542236
0.04228062555193901
0.38891372084617615
0.16182522475719452
-0.1704692244529724
0.0034981360659003258
-0.0542074479162693
-0.03857318311929703
0.05883545055985451
0.0776606947183609
-0.1061493530869484
-0.01656661555171013
-0.09490637481212616
-0.009974289685487747
0.25500673055648804
0.041781336069107056
-0.09201215207576752
0.24556221067905426
0.0288909450173378
-0.02278265729546547
0.05281477048993111
-0.0003073485568165779
-0.09086865931749344
-0.07496067881584167
-0.08901228755712509
-0.014872361905872822
0.010992398485541344
-0.10770417004823685
-0.0032272390089929104
0.037585560232400894
-0.15754537284374237
0.16777490079402924
-0.015371689572930336
0.06711862236261368
-0.011390384286642075
-0.01860864832997322
-0.13437578082084656
-0.03264882043004036
0.14148792624473572
-0.2275688797235489
0.19628366827964783
0.18089881539344788
0.13429102301597595
0.11755944788455963
0.09695139527320862
0.010678024031221867
0.021407272666692734
0.02196694351732731
-0.18991518020629883
-0.14217258989810944
0.15105772018432617
0.004790677689015865
0.1599065065383911
0.05010224133729935
