-0.10170672833919525
0.10632916539907455
-0.026986710727214813
-0.13449925184249878
-0.09998495876789093
0.03896116837859154
-0.024451661854982376
-0.06276319921016693
0.15207697451114655
-0.0425528809428215
0.29138892889022827
0.013354206457734108
-0.2386152595281601
-0.10787618160247803
0.020213592797517776
0.1521550863981247
-0.16933627426624298
-0.0795884057879448
-0.03323797136545181
-0.040071580559015274
-0.009996572509407997
0.08844859153032303
0.0296877883374691
0.08734440803527832
-0.09973455965518951
-0.3773668110370636
-0.06094539910554886
0.012328950688242912
0.04396919161081314
-0.11159485578536987
0.03787115216255188
0.13618095219135284
-0.17638814449310303
-0.027700336650013924
0.04604039341211319
0.1031510978937149
-0.11943168193101883
-0.05271702632308006
0.2201087474822998
0.11492736637592316
-0.12581448256969452
0.012750959023833275
0.082940012216568
0.40243247151374817
0.19392409920692444
0.005708556156605482
0.04174492135643959
-0.07816760241985321
0.044911954551935196
-0.2778705060482025
0.10204081237316132
0.15840598940849304
0.0636921301484108
0.03338867053389549
0.0208987295627594
-0.10362923890352249
-0.009608922526240349
0.09406252205371857
-0.21840178966522217
0.010992774739861488
0.08249928057193756
0.0037469612434506416
-0.11798565089702606
-0.07782500982284546
0.22604256868362427
0.13786251842975616
-0.12855909764766693
-0.20186685025691986
0.11935276538133621
-0.13010050356388092
-0.1585964411497116
0.0671359971165657
-0.14717313647270203
-0.18803979456424713
-0.3228934109210968
0.0954141691327095
0.3091583549976349
0.15487658977508545
-0.16890902817249298
0.03887872025370598
-0.030299630016088486
-0.0335894376039505
0.10297441482543945
0.06642205268144608
-0.05592728778719902
-0.06973560899496078
-0.07303633540868759
0.07944926619529724
0.17429015040397644
0.0017859404906630516
-0.11282699555158615
0.2212749570608139
0.10896869003772736
-0.009073860011994839
0.04420807957649231
0.07400111854076385
-0.0336562842130661
0.01755606383085251
-0.2541963458061218
-0.06068358197808266
0.06574274599552155
0.007519210688769817
0.020226942375302315
0.17863433063030243
-0.22010880708694458
0.26600536704063416
0.07889339327812195
-0.06847462803125381
0.07127149403095245
0.0032576853409409523
-0.16162501275539398
-0.05586088076233864
0.10792031139135361
-0.28505977988243103
0.18098287284374237
0.16752342879772186
0.14123810827732086
0.12138453871011734
0.1280793994665146
0.03478149324655533
0.03538694977760315
-0.020921651273965836
-0.1344478279352188
-0.06555058807134628
0.0549355112016201
0.0123212318867445
0.05296788364648819
0.026507077738642693
