-0.09877432137727737
0.009865575470030308
0.03319380432367325
-0.11848744004964828
-0.1466565877199173
-0.014089571312069893
0.007899683900177479
-0.07362204790115356
0.1274477243423462
-0.11872589588165283
0.2280058115720749
-0.07675304263830185
-0.26205697655677795
-0.010378729552030563
-0.012101525440812111
0.13297082483768463
-0.13086415827274323
-0.0957133024930954
-0.10684283822774887
-0.03291378915309906
-0.0057395827025175095
0.07958235591650009
-0.015979820862412453
0.11169072240591049
-0.14371158182621002
-0.3361024856567383
-0.13822397589683533
-0.06307032704353333
0.015901558101177216
-0.09241738170385361
-0.051849614828825
0.09325238317251205
-0.0381794199347496
0.0039869919419288635
0.05828852206468582
0.06369102001190186
-0.09344392269849777
-0.05075948312878609
0.2782970666885376
0.10758840292692184
-0.21883763372898102
0.06220975145697594
0.014231905341148376
0.32403311133384705
0.21679946780204773
0.01166470069438219
0.0210820771753788
-0.08603207021951675
0.10764524340629578
-0.26978567242622375
0.06251148134469986
0.2165125012397766
0.11350170522928238
0.0777459666132927
0.012160319834947586
-0.13131141662597656
0.0012871380895376205
0.13386107981204987
-0.19983361661434174
0.05707232654094696
0.08544321358203888
-0.17649750411510468
-0.006622401066124439
-0.0717715471982956
0.11941704154014587
0.10028181225061417
-0.14772196114063263
-0.14100247621536255
0.08935873955488205
-0.2522463798522949
-0.11044473201036453
0.00293849129229784
-0.17187856137752533
-0.202024444937706
-0.31446823477745056
0.05424938350915909
0.3122527003288269
0.24261446297168732
-0.19833225011825562
0.012248505838215351
-0.02243870683014393
-0.008897003717720509
0.08969681710004807
0.12506547570228577
-0.112228624522686
-0.04850773513317108
-0.0623352974653244
0.008901343680918217
0.1566123366355896
-0.05239350348711014
0.006034829653799534
0.2598365545272827
0.062447480857372284
0.0901888981461525
0.07388730347156525
0.012992356903851032
-0.09206772595643997
-0.06273306906223297
-0.08171273022890091
0.059066493064165115
-0.022078420966863632
-0.11431573331356049
0.08067827671766281
0.09558648616075516
-0.21464625000953674
0.279529869556427
-0.03622575104236603
-0.05758575350046158
-0.035492151975631714
0.0034344554878771305
-0.08859067410230637
-0.03152589499950409
0.19821597635746002
-0.19984862208366394
0.1331547200679779
0.23613877594470978
0.09486831724643707
0.1620471030473709
0.14438048005104065
0.054283566772937775
-0.06582476198673248
0.03394288942217827
-0.1275961995124817
-0.0276040006428957
0.06559514254331589
-0.021925892680883408
0.09111806750297546
0.020860962569713593
