-0.05794139578938484
0.04456078261137009
-0.010337607935070992
0.013538955710828304
-0.15676753222942352
-0.026038551703095436
0.035901714116334915
-0.13241565227508545
0.2272958904504776
-0.08905498683452606
0.14700444042682648
0.023383522406220436
-0.23759040236473083
-0.0362221859395504
-0.01285380870103836
0.121644988656044
-0.16667276620864868
-0.0244396161288023
-0.0720193162560463
-0.22276552021503448
0.024334827437996864
0.09121085703372955
0.07231270521879196
0.0017160247080028057
-0.13105130195617676
-0.22246715426445007
-0.0987434834241867
-0.058879971504211426
0.09517931938171387
-0.12278975546360016
0.0442347526550293
0.06691935658454895
-0.22846341133117676
-0.07784705609083176
0.018275436013936996
0.09476378560066223
-0.1514924168586731
-0.13075141608715057
0.18562191724777222
0.06280070543289185
-0.09558237344026566
0.06690359860658646
-0.027973346412181854
0.21673385798931122
0.17082653939723969
0.006579274777323008
-0.03338708356022835
-0.10415349900722504
0.14789293706417084
-0.19271525740623474
0.059422362595796585
0.1648869663476944
0.06150348484516144
0.0036250692792236805
0.06173374876379967
-0.10887372493743896
0.006198003888130188
0.1922084391117096
-0.20866142213344574
0.02507634088397026
0.11614301055669785
-0.08831049501895905
-0.04521366208791733
-0.00403297133743763
0.09701922535896301
0.1403093785047531
-0.03748794272542
-0.12712009251117706
0.19208604097366333
-0.16018661856651306
-0.09426707774400711
0.05632823333144188
-0.06847124546766281
-0.17415645718574524
-0.26861095428466797
0.045532748103141785
0.44993433356285095
0.1639355719089508
-0.07770190387964249
-0.014578421600162983
-0.08862099796533585
0.02184002846479416
0.07490214705467224
0.03493741899728775
-0.1276790350675583
-0.09162505716085434
-0.104227714240551
0.05823471024632454
0.14121411740779877
0.02551969699561596
-0.12981031835079193
0.2342749536037445
0.040011461824178696
0.015914548188447952
0.014794472604990005
-0.03348197415471077
-0.13968823850154877
-0.04148228466510773
-0.1070636734366417
-0.1554483026266098
0.10875791311264038
-0.11814294755458832
0.03261912614107132
0.17036040127277374
-0.1942911595106125
0.21476911008358002
-0.010585224255919456
-0.03661922737956047
0.015901973471045494
-0.019212018698453903
-0.12098973244428635
0.1042250320315361
0.1473524272441864
-0.265041708946228
0.24811165034770966
0.1350589543581009
-0.009090219624340534
0.164051353931427
0.07363378256559372
0.060073982924222946
-0.0436972975730896
-0.07522867619991302
-0.16990040242671967
-0.13017064332962036
0.010091320611536503
0.03253041207790375
0.11657954752445221
0.0503629632294178
