-0.0633821114897728
0.12099160254001617
0.03571566194295883
-0.05124684050679207
-0.1641785204410553
0.01738877035677433
-0.10236726701259613
-0.021882645785808563
0.0958896055817604
-0.03913711756467819
0.16713851690292358
-0.027222897857427597
-0.28215986490249634
0.04222926124930382
0.007704209536314011
0.10173401236534119
-0.19935597479343414
-0.10359650105237961
-0.1677045226097107
-0.17185288667678833
-0.0869109034538269
0.04887981712818146
0.03780737146735191
-0.06974031776189804
-0.08066734671592712
-0.32527557015419006
-0.04753044247627258
-0.07675058394670486
0.13219551742076874
-0.10002036392688751
0.019892536103725433
0.004038574174046516
-0.16923189163208008
-0.06980228424072266
0.010185681283473969
-0.004846144467592239
-0.08367453515529633
-0.07586780190467834
0.2839144468307495
-0.029346022754907608
-0.16235078871250153
0.022071871906518936
0.07241412997245789
0.19590532779693604
0.21197405457496643
0.04209759831428528
0.024470418691635132
-0.12602147459983826
0.092428058385849
-0.217638298869133
0.07760797441005707
0.25057899951934814
0.08339597284793854
0.07584242522716522
0.030874034389853477
-0.12529391050338745
0.0065995678305625916
0.13727514445781708
-0.14520931243896484
-0.02013544738292694
0.10638683289289474
-0.052798375487327576
-0.08077067136764526
-0.04671501740813255
0.21624213457107544
0.0916166752576828
-0.06549294292926788
-0.16638070344924927
0.24037963151931763
-0.08903946727514267
-0.09366808831691742
0.013298152014613152
-0.06586188077926636
-0.11296883970499039
-0.25549906492233276
0.06631923466920853
0.31575194001197815
0.04310513287782669
-0.1528639793395996
0.07898262143135071
-0.08522165566682816
-0.10581976920366287
0.012408933602273464
0.05925438553094864
-0.16237106919288635
-0.10700652003288269
-0.04254691302776337
0.05577663332223892
0.17932669818401337
-0.06512106209993362
0.02035626955330372
0.0994788259267807
0.08991537243127823
0.014175981283187866
0.10467661917209625
0.14617504179477692
-0.1533590406179428
-0.026374515146017075
-0.17113958299160004
0.011146839708089828
0.14918293058872223
-0.0966484397649765
-0.012459145858883858
0.12441566586494446
-0.14312782883644104
0.20146247744560242
0.009614584036171436
-0.0974998027086258
0.01710393652319908
-0.05146142467856407
0.029353953897953033
-0.05393872410058975
0.2091035693883896
-0.20366023480892181
0.22138233482837677
0.1564670205116272
-0.03100428357720375
0.16362781822681427
0.11689238250255585
0.12084607779979706
-0.011875258758664131
0.015398558229207993
-0.22547030448913574
-0.1468019336462021
-0.004949723370373249
0.022016536444425583
-0.030476262792944908
0.11329331248998642
