-0.043934471905231476
0.07595066726207733
0.0933656170964241
0.010955998674035072
-0.16129261255264282
0.036737438291311264
-0.010207919403910637
-0.11229752749204636
0.16709385812282562
-0.06850956380367279
0.18248023092746735
0.031494710594415665
-0.23130352795124054
0.07211951911449432
0.04819529876112938
0.06572607904672623
-0.07205706089735031
-0.001622234471142292
-0.14208826422691345
-0.06243867054581642
-0.06849066913127899
0.030585862696170807
0.07723941653966904
-0.04319783300161362
-0.1921902894973755
-0.26470527052879333
-0.12744547426700592
-0.06920230388641357
0.014862251468002796
-0.07732755690813065
0.023240206763148308
0.011443250812590122
-0.2043512910604477
-0.07791613042354584
0.034736573696136475
0.05766494944691658
-0.12819336354732513
-0.052096590399742126
0.23796647787094116
0.027554035186767578
-0.17101332545280457
0.0739167183637619
0.06956388801336288
0.20681478083133698
0.15721562504768372
0.06230839341878891
0.0039897821843624115
-0.05752814933657646
0.12702836096286774
-0.22554653882980347
0.10823950916528702
0.06994310766458511
0.1847657561302185
0.08338095992803574
0.09002672135829926
-0.15705585479736328
0.042096711695194244
0.14188028872013092
-0.2231600284576416
0.05828036740422249
0.1336921900510788
-0.09960952401161194
-0.0032953647896647453
-0.049367181956768036
0.2542737126350403
0.17453032732009888
-0.10923393070697784
-0.06797847896814346
0.08088701218366623
-0.15050871670246124
-0.011679038405418396
0.04157635569572449
-0.06759980320930481
-0.16028417646884918
-0.3019653558731079
0.06536445766687393
0.3611835241317749
0.15496855974197388
-0.2026040256023407
-0.08242388069629669
-0.06980789452791214
-0.012084715068340302
0.0034533170983195305
0.060650505125522614
-0.09702178835868835
-0.05175583437085152
0.00687935808673501
-0.017930718138813972
0.22008538246154785
-0.04213926941156387
-0.009523119777441025
0.206279918551445
0.03897983580827713
-0.012323924340307713
-0.0033873291686177254
-0.043159790337085724
-0.1688212752342224
-0.1018717959523201
-0.0942777693271637
0.0244852676987648
-0.07091434299945831
-0.12721920013427734
0.04140445217490196
0.08257569372653961
-0.27213653922080994
0.23289038240909576
-0.02280908264219761
-0.12287354469299316
-3.265589475631714e-05
-0.001211430411785841
-0.10709916800260544
0.0014220064040273428
0.19261693954467773
-0.3417242765426636
0.25238150358200073
0.12223155796527863
-0.06694343686103821
0.17130492627620697
0.04965180531144142
0.12259063869714737
-0.05493352562189102
0.12470606714487076
-0.08637325465679169
-0.13756506145000458
0.05031781643629074
-0.09174972772598267
0.12403368204832077
0.04244173690676689
