-0.050605833530426025
0.11630730330944061
0.0819733515381813
-0.1276382952928543
-0.08454488217830658
0.00310464296489954
-0.061612773686647415
-0.08207182586193085
0.16095469892024994
-0.06245170906186104
0.25492534041404724
0.0171420406550169
-0.20886889100074768
-0.07745540142059326
0.0593356117606163
0.1440049260854721
-0.18038275837898254
-0.11811251193284988
-0.09209064394235611
-0.07344517856836319
0.012714856304228306
-0.04171156883239746
0.11244884878396988
0.04231297969818115
-0.12330411374568939
-0.3207698166370392
-0.11001108586788177
-0.1046246588230133
0.08734408020973206
-0.1214103177189827
-0.009956633672118187
-0.11326080560684204
-0.20832285284996033
-0.06673076003789902
-0.010436030104756355
0.05734526738524437
-0.0503663644194603
-0.1013399064540863
0.1717505156993866
-0.01197085715830326
-0.14864973723888397
0.03312021866440773
-0.029586423188447952
0.18148240447044373
0.19316576421260834
0.04980219155550003
0.10456833988428116
-0.0265786312520504
0.012259574607014656
-0.18526262044906616
0.06037457287311554
0.10585353523492813
0.10516995191574097
0.007858306169509888
0.030919868499040604
-0.12521441280841827
0.034369148313999176
0.22346466779708862
-0.15568813681602478
0.06959298998117447
0.10658993571996689
-0.08277315646409988
-0.038020674139261246
0.008567907847464085
0.2666317820549011
0.14556017518043518
-0.133540078997612
-0.1726333200931549
0.08411365002393723
-0.07517684996128082
-0.06911784410476685
0.030285872519016266
-0.15742243826389313
-0.09848248958587646
-0.29212135076522827
-0.003405977040529251
0.35993853211402893
0.0785619243979454
-0.22180545330047607
-0.0350247323513031
-0.14327864348888397
0.10873739421367645
0.015104508958756924
0.025005148723721504
-0.11289117485284805
-0.018210340291261673
-0.1600988507270813
0.014204105362296104
0.13862337172031403
-0.018071260303258896
-0.041949402540922165
0.1339745670557022
-0.025225002318620682
0.03724854066967964
0.004114138428121805
0.04469769448041916
-0.11758274585008621
-0.024838196113705635
-0.05565037950873375
-0.04221582040190697
0.03713850677013397
-0.04618975520133972
-0.013119764626026154
0.12777040898799896
-0.21089375019073486
0.15481828153133392
-0.051903147250413895
-0.035579465329647064
-0.018309257924556732
0.04948514327406883
-0.040757909417152405
-0.024989185854792595
0.15988695621490479
-0.254592627286911
0.20650069415569305
0.3017328381538391
-0.0013962993398308754
0.09237771481275558
0.07598859071731567
0.05783076584339142
-0.05767412111163139
0.05057307332754135
-0.170431450009346
-0.06413407623767853
-0.03768964856863022
-0.04651401937007904
0.13924385607242584
0.037224579602479935
