-0.1415700912475586
0.053071439266204834
0.010095033794641495
-0.06266197562217712
-0.10587764531373978
-0.08562220633029938
0.039694711565971375
-0.10885980725288391
0.12194214016199112
0.02080443501472473
0.1533166617155075
0.026147067546844482
-0.24018362164497375
-0.038242828100919724
0.0370873287320137
0.10471750795841217
-0.10996663570404053
-0.06497006118297577
-0.131464883685112
-0.08066488057374954
-0.029691237956285477
0.0632917508482933
0.1056896224617958
0.007201801054179668
-0.0817975401878357
-0.21541725099086761
-0.08280803263187408
-0.05733828246593475
0.09554189443588257
-0.08521904051303864
0.07004019618034363
0.004621224477887154
-0.3027040660381317
-0.11501458287239075
-0.004984324797987938
0.050733745098114014
-0.1045931726694107
-0.13614873588085175
0.21076713502407074
0.04670901596546173
-0.18192370235919952
0.07244134694337845
0.07325109839439392
0.1816423535346985
0.17212572693824768
-0.07776403427124023
0.052283093333244324
-0.10728400945663452
0.02715732343494892
-0.24368523061275482
0.13864293694496155
0.08004521578550339
0.10263895243406296
0.04396742582321167
0.05233612284064293
-0.1064663901925087
0.006823151372373104
0.1545616090297699
-0.15633156895637512
0.10563889890909195
0.20135626196861267
0.011905353516340256
-0.04460100084543228
-0.05649247020483017
0.12184307724237442
0.11779969185590744
-0.07657069712877274
-0.13728421926498413
0.08625764399766922
-0.129294291138649
-0.08674632012844086
0.11014508455991745
-0.025530727580189705
-0.14459815621376038
-0.29596590995788574
0.10425259172916412
0.3198081851005554
0.15824805200099945
-0.13429567217826843
0.0012380117550492287
-0.1712787002325058
0.0006266692653298378
0.002639775164425373
-0.004004350863397121
-0.06466253101825714
-0.0381351038813591
-0.07602054625749588
0.039066024124622345
0.20824766159057617
0.035604238510131836
-0.07136613875627518
0.224622905254364
0.06792807579040527
-0.03272636979818344
0.0028195753693580627
0.0617450587451458
-0.08927436172962189
-0.0875067189335823
-0.11203981190919876
-0.05774041265249252
0.0392368845641613
-0.11442705988883972
0.013235034421086311
0.12649677693843842
-0.18731173872947693
0.18937702476978302
0.017685366794466972
-0.06273134797811508
0.02464812994003296
0.02327963523566723
-0.05727119371294975
0.03482242301106453
0.08270794153213501
-0.22046469151973724
0.28927525877952576
0.12290500104427338
0.004770104773342609
0.09221575409173965
0.10221293568611145
0.09125173836946487
-0.030306484550237656
0.014777140691876411
-0.07341112941503525
-0.11565739661455154
0.03111550584435463
0.044113919138908386
0.12334252893924713
0.10931646078824997
